package: lmfit
norm:  2.18747e-12 +- 5.45396e-13
gamma: 2.56146 +- 0.132121
chi2: 4.05203734278
cov: 3.03314225879e-14
corr: 0.420928662094
