package: minuit
norm:  2.18747e-12 +- 5.38152e-13
gamma: 2.56142 +- 0.120404
chi2: 4.05203742938
cov: 2.54987915509e-14
corr: 0.393525491577
