package: scipy_curve_fit
norm:  2.18745e-12 +- 5.45384e-13
gamma: 2.56145 +- 0.132126
chi2: 4.05203733697
cov: 3.0322732161e-14
corr: 0.420802419462
