package: sherpa
norm:  2.18734e-12 +- 5.37047e-13
gamma: 2.56139 +- 0.120106
chi2: 4.05203764583
cov: 2.51005410241e-14
corr: 0.38913870006
