package: minuit
popt: [213.80932536073777, 0.5472384087128018]
perr: [0.7732838788874276, 0.00689659943153219, 0.7732838788874276, 0.00689659943153219, 0.7732838788874276, 0.00689659943153219, 0.7732838788874276, 0.00689659943153219, 0.7732838788874276, 0.00689659943153219, 0.7732838788874276, 0.00689659943153219, 0.7732838788874276, 0.00689659943153219, 0.7732838788874276, 0.00689659943153219, 0.7732838788874276, 0.00689659943153219, 0.7732838788874276, 0.00689659943153219, 0.7732838788874276, 0.00689659943153219, 0.7732838788874276, 0.00689659943153219, 0.7732838788874276, 0.00689659943153219, 0.7732838788874276, 0.00689659943153219, 0.7732838788874276, 0.00689659943153219, 0.7732838788874276, 0.00689659943153219, 0.7732838788874276, 0.00689659943153219]
chi2: 1168.00887657
