package: scipy_curve_fit
popt: [ 213.80972869    0.54723378]
perr: [ 12.35475638   0.10455621]
chi2: 1168.00887684
popt_diff: [  1.49570578e-06  -6.77760158e-06]
perr_diff: [  1.95232294e-05  -3.56394846e-05]
chi2_diff: 2.09547972386e-10
