package: sherpa
popt: [ 213.80870967    0.54724561]
perr: [ 13.21450287   0.11785773]
chi2: 1168.00887794
popt_diff: [ -3.27028973e-06   1.48386943e-05]
perr_diff: [ 0.06960918  0.12717875]
chi2_diff: 1.14876328166e-09
